1757232853511 1.0909099578857422 0
1757232853531 1.088810920715332 1
1757232853552 1.0872251987457275 2
1757232853573 1.0852956771850586 3
1757232853598 1.0815036296844482 4
1757232853620 1.0753377676010132 5
1757232853641 1.0653666257858276 6
1757232853660 1.0526560544967651 7
1757232853681 1.042618989944458 8
1757232853706 1.0410192012786865 9
1757232853732 1.036978006362915 10
1757232853753 1.0307109355926514 11
1757232853782 1.0227583646774292 12
1757232853808 1.0128237009048462 13
1757232853831 1.009015440940857 14
1757232853852 1.0028587579727173 15
1757232853875 0.9958068132400513 16
1757232853906 0.9878211617469788 17
1757232853942 0.976897120475769 18
1757232853975 0.9609692096710205 19
1757232854008 0.9380164742469788 20
1757232854043 0.9111260175704956 21
1757232854074 0.8759248852729797 22
1757232854104 0.8504908680915833 23
1757232854134 0.8239266872406006 24
1757232854163 0.793725848197937 25
1757232854188 0.7707703113555908 26
1757232854211 0.7474721074104309 27
1757232854233 0.7341994643211365 28
1757232854253 0.7206599116325378 29
1757232854274 0.7131875157356262 30
1757232854297 0.7033531665802002 31
1757232854320 0.6946972012519836 32
1757232854342 0.6851751208305359 33
1757232854364 0.6769678592681885 34
1757232854391 0.6628029346466064 35
1757232854425 0.6492983102798462 36
1757232854456 0.6382765769958496 37
1757232854487 0.6268669366836548 38
1757232854514 0.6144545674324036 39
1757232854547 0.6044381260871887 40
1757232854580 0.5889933705329895 41
1757232854612 0.5719740986824036 42
1757232854655 0.5546957850456238 43
1757232854679 0.5388228893280029 44
1757232854700 0.5202360153198242 45
1757232854722 0.5054854154586792 46
1757232854746 0.4921938478946686 47
1757232854771 0.476818710565567 48
1757232854793 0.4614056348800659 49
1757232853511 1.0909099578857422 0
1757232853511 1.0909099578857422 0
1757232853511 1.0909099578857422 0
