1757232732476 1.0900416374206543 0
1757232732509 1.0892270803451538 1
1757232732543 1.088218331336975 2
1757232732564 1.0865041017532349 3
1757232732584 1.0849460363388062 4
1757232732606 1.081950306892395 5
1757232732628 1.077506422996521 6
1757232732651 1.070243000984192 7
1757232732671 1.06011962890625 8
1757232732696 1.0491633415222168 9
1757232732719 1.0432159900665283 10
1757232732739 1.0409550666809082 11
1757232732760 1.03580904006958 12
1757232732780 1.0300986766815186 13
1757232732805 1.0268926620483398 14
1757232732825 1.0252121686935425 15
1757232732850 1.0230889320373535 16
1757232732882 1.0215020179748535 17
1757232732913 1.0201153755187988 18
1757232732938 1.0178911685943604 19
1757232732968 1.0157911777496338 20
1757232733000 1.0137038230895996 21
1757232733031 1.011407732963562 22
1757232733062 1.0089558362960815 23
1757232733086 1.0062254667282104 24
1757232733116 1.0033223628997803 25
1757232733140 0.9998528361320496 26
1757232733162 0.99538654088974 27
1757232733185 0.9907970428466797 28
1757232733206 0.9856411814689636 29
1757232733227 0.9803507924079895 30
1757232733250 0.9743993282318115 31
1757232733271 0.9686852693557739 32
1757232733291 0.9628064036369324 33
1757232733317 0.9583937525749207 34
1757232733342 0.9512101411819458 35
1757232733372 0.9450323581695557 36
1757232733397 0.9376769661903381 37
1757232733429 0.9301407337188721 38
1757232733459 0.9228280186653137 39
1757232733492 0.9124840497970581 40
1757232733525 0.9046761393547058 41
1757232733555 0.8933001756668091 42
1757232733590 0.88140869140625 43
1757232733616 0.8689813613891602 44
1757232733637 0.8529959321022034 45
1757232733660 0.8349944353103638 46
1757232733682 0.814471960067749 47
1757232733704 0.7884218096733093 48
1757232733726 0.7555848956108093 49
1757232732476 1.0900416374206543 0
1757232732476 1.0900416374206543 0
1757232732476 1.0900416374206543 0
