1757232689985 1.0893722772598267 0
1757232690007 1.088796854019165 1
1757232690026 1.0880217552185059 2
1757232690047 1.0869300365447998 3
1757232690067 1.0853108167648315 4
1757232690087 1.083053469657898 5
1757232690107 1.0800257921218872 6
1757232690127 1.0761010646820068 7
1757232690147 1.0711431503295898 8
1757232690167 1.0649136304855347 9
1757232690187 1.057236671447754 10
1757232690207 1.0481524467468262 11
1757232690228 1.0379793643951416 12
1757232690248 1.0275505781173706 13
1757232690269 1.0184322595596313 14
1757232690290 1.012346863746643 15
1757232690310 1.0084812641143799 16
1757232690332 1.0036251544952393 17
1757232690355 0.9970239996910095 18
1757232690377 0.9892012476921082 19
1757232690401 0.9807717204093933 20
1757232690424 0.9721660614013672 21
1757232690446 0.9629756212234497 22
1757232690466 0.9524811506271362 23
1757232690485 0.9398558139801025 24
1757232690506 0.924126386642456 25
1757232690525 0.9044476747512817 26
1757232690546 0.8800539374351501 27
1757232690566 0.8507828116416931 28
1757232690586 0.817398190498352 29
1757232690607 0.7823127508163452 30
1757232690626 0.7501373887062073 31
1757232690646 0.7273135781288147 32
1757232690667 0.7172756791114807 33
1757232690686 0.7112892270088196 34
1757232690706 0.6978886127471924 35
1757232690726 0.6783818006515503 36
1757232690747 0.6597838401794434 37
1757232690768 0.6460991501808167 38
1757232690788 0.6364001631736755 39
1757232690809 0.6279277801513672 40
1757232690829 0.6183644533157349 41
1757232690851 0.6068866848945618 42
1757232689985 1.0893722772598267 0
1757232689985 1.0893722772598267 0
1757232689985 1.0893722772598267 0
