1757232813578 1.089285135269165 0
1757232813601 1.0884275436401367 1
1757232813625 1.0873620510101318 2
1757232813646 1.0854697227478027 3
1757232813670 1.0839418172836304 4
1757232813690 1.0811183452606201 5
1757232813709 1.0805305242538452 6
1757232813732 1.07911217212677 7
1757232813754 1.0759422779083252 8
1757232813780 1.0722415447235107 9
1757232813801 1.0696513652801514 10
1757232813823 1.066171407699585 11
1757232813578 1.089285135269165 0
1757232813578 1.089285135269165 0
1757232813578 1.089285135269165 0
