1757232756376 1.0877220630645752 0
1757232756397 1.0821861028671265 1
1757232756422 1.0716428756713867 2
1757232756444 1.0590455532073975 3
1757232756475 1.0471187829971313 4
1757232756507 1.0324711799621582 5
1757232756538 1.009518027305603 6
1757232756561 0.9735329151153564 7
1757232756589 0.9266375303268433 8
1757232756612 0.8837332129478455 9
1757232756646 0.8615451455116272 10
1757232756670 0.8385711312294006 11
1757232756692 0.8136022090911865 12
1757232756712 0.7944658398628235 13
1757232756738 0.7750962376594543 14
1757232756770 0.7613291144371033 15
1757232756804 0.7534759640693665 16
1757232756835 0.7391278147697449 17
1757232756864 0.7255374193191528 18
1757232756887 0.7155092358589172 19
1757232756912 0.7023488283157349 20
1757232756941 0.6954634189605713 21
1757232756966 0.6844779253005981 22
1757232756987 0.6664569973945618 23
1757232757009 0.6516609191894531 24
1757232757032 0.6351468563079834 25
1757232757055 0.6197746992111206 26
1757232757078 0.6050530076026917 27
1757232757099 0.5860407948493958 28
1757232757122 0.5651758313179016 29
1757232757145 0.5452226996421814 30
1757232757166 0.5273284912109375 31
1757232757189 0.5111203789710999 32
1757232757209 0.4853130578994751 33
1757232757234 0.4626516103744507 34
1757232757265 0.4454217553138733 35
1757232757294 0.42938554286956787 36
1757232757322 0.4115307629108429 37
1757232757357 0.3923908770084381 38
1757232757391 0.37612879276275635 39
1757232757424 0.36400604248046875 40
1757232757458 0.3541073799133301 41
1757232757490 0.34447285532951355 42
1757232756376 1.0877220630645752 0
1757232756376 1.0877220630645752 0
1757232756376 1.0877220630645752 0
